45
E -0.09 -0.095 1.0
E -0.09 -0.095 1.0
E -0.09 -0.095 1.0
E -0.09 -0.095 1.0
E -0.09 -0.095 1.0
E2 -0.095 -0.11 1.0
E -0.09 -0.095 1.0
E2 -0.095 -0.11 1.0
E2 -0.095 -0.11 1.0
E2 -0.095 -0.11 1.0
E2 -0.095 -0.11 1.0
E -0.09 -0.095 1.0
E -0.09 -0.095 1.0
E -0.09 -0.095 1.0
E -0.09 -0.095 1.0
E -0.09 -0.095 1.0
E -0.09 -0.095 1.0
E -0.09 -0.095 1.0
E -0.09 -0.095 1.0
E -0.09 -0.095 1.0
E2 -0.095 -0.11 1.0
E -0.09 -0.095 1.0
E2 -0.095 -0.11 1.0
E2 -0.095 -0.11 1.0
E2 -0.095 -0.11 1.0
E2 -0.095 -0.11 1.0
E -0.09 -0.095 1.0
E -0.09 -0.095 1.0
E -0.09 -0.095 1.0
E -0.09 -0.095 1.0
E 1.1 2.9016695 1.0
E 5.3500066 1.6149998 1.0
E 3.8199978 4.4989486 1.0
E 8.170004 3.8549995 1.0
E 15.879965 5.454999 1.0
E2 9.854964 5.454999 1.0
E 11.869965 5.454999 1.0
E2 13.844964 5.454999 1.0
E2 18.914984 6.414999 1.0
E2 23.164965 0.33499992 1.0
E2 30.625008 7.374759 1.0
E 26.359964 0.33499992 1.0
E 28.640003 7.3774996 1.0
E 13.670005 2.5749996 1.0
E 7.3000045 2.5749996 1.0
